1099517253114949632
1099508975274549248
1099580898129915904
1099516580516360193
1099581160227622912
1099501894945234945
1099516325007740928
1099516325007740928
1099471230430699521
1099580898129915904
1099466953758916609
1099581194377650176
1099581193304109056
1099581193006149632
1099468407584346112
1099581190170804225
1099581188157497344
1099398639942856705
1099103398820016134
1099581185540247557
1099516580516360193
1099580556420042753
1097905052658946048
1099580317625651200
1099580230640066560
1099580222930849792
1099559989054717954
1099580052067504128
1098388770552983552
1097511056627294208
